tree
version=v4
num_class=1
num_tree_per_iteration=1
label_index=0
max_feature_idx=11
objective=lambdarank
feature_names=mom_5 mom_20 rev_1 rev_3 vol_20 range_14 wobble_5 rsi_pct_14 volz_20 dd_20 close_z_60 turnover_20
feature_infos=[-5.1570897994827263:5.6006272986096937] [-3.8363310603977014:5.0966900995818465] [-5.6198670196700906:5.6237934096226612] [-5.6003420854772816:5.4945764034940616] [-3.3145940903064393:5.2049173655632437] [-3.9410254071686692:5.1120658020023839] [-3.3329066892460171:5.5409021004575267] [-5.7767124737984901:5.9183635424888594] [-3.6300849033075164:5.3594699572183782] [-5.2702822518021613:3.3250227089943118] [-4.6322676166684351:4.7613550731520977] [-2.574623396039819:2.771986591576705]
tree_sizes=3420 3406 3407 3418 3419

Tree=0
num_leaves=31
num_cat=0
split_feature=5 9 5 0 7 3 5 5 8 6 2 1 11 8 4 9 2 11 1 8 4 7 3 6 0 6 11 1 4 0
split_gain=20.7308 18.2561 8.26215 9.41464 6.42932 4.28045 4.02581 3.85933 2.84527 2.71464 2.56392 2.53784 2.48717 2.68575 2.46004 3.29291 3.4858 2.45456 3.24833 2.33676 2.16389 2.40137 1.93861 1.93678 3.14871 2.19968 2.16349 1.92119 1.89723 2.07313
threshold=0.45562102410129918 0.99519703163609585 -0.9037820969205822 0.74753451744402655 -0.72054320328381538 -1.4025122485134405 1.750255676353162 -0.27057722550220048 0.54897449921291508 1.8410089415786515 0.35359332630540213 -0.11261540687637493 0.51595830618820604 0.30540741145310696 0.11345765579352683 -2.0463933467413926 -1.1284137327625119 -0.28401637067272889 1.5027579531014517 2.0944190328231946 -0.2699441452214742 1.2168224168919251 -0.66854321162869124 -0.23423027707452879 -1.0927721353105675 -0.1665141056982137 -0.26238423947809159 -0.50871881542046204 0.50505370152564666 2.1662312907346117
decision_type=2 2 2 2 2 2 2 2 2 2 2 2 2 2 2 2 2 2 2 2 2 2 2 2 2 2 2 2 2 2
left_child=1 2 11 4 8 -6 12 -5 23 14 17 -1 13 -2 15 -7 20 -3 22 -10 -17 -22 -19 -4 -25 -26 27 -27 29 -9
right_child=6 10 3 7 5 9 -8 28 19 -11 -12 -13 -14 -15 -16 16 -18 18 -20 -21 21 -23 -24 24 25 26 -28 -29 -30 -31
leaf_value=0.034657226734742329 0.0038726555139868436 0.041882623712288881 -0.020949515797889312 -0.027566244743553292 0.065137993687439999 0.033106324458848299 0.042716934093014074 0.039073340556602505 0.034375616015729096 0.038201177837522762 0.056778556162005035 0.001344874003213853 0.039143962481652465 0.026131811998804919 -0.034638696864683106 0.058176172086238744 -0.022651701859255347 -0.0012512321645393541 -0.04797767473658069 -0.040417487858753667 0.027088267225018253 -0.074406309131485673 0.037230707121084256 -0.076596628012830056 0.058554517863262968 0.06198609117865167 -0.018947604883121784 -0.00090712560832175966 -0.018340722014147989 -0.024593831219357095
leaf_weight=10.961886773817243 37.405401649419218 9.393809015862649 12.521519970614463 3.9147369498387006 1.4094889163970936 2.8733279611915341 17.48158860206604 14.073255423922093 8.3921445300802571 1.8299235068261612 6.6457427260465911 11.950115472078322 9.8040706599131209 21.250254872720689 35.768279274459928 2.1530617983080447 121.63131540827453 6.3191351606510597 2.1238670218735924 1.1927374051883806 1.5883242124691599 0.92056848295032967 6.7888424117118085 1.0521943233907229 2.221891864668577 2.2073046686127782 5.177672753110528 2.6988775823265296 2.0104420157149425 1.4063750850036729
leaf_count=302 1139 211 321 104 19 33 419 225 146 27 133 430 222 489 1002 35 3101 190 39 29 36 20 165 28 33 38 138 81 44 30
internal_value=-0.000172112 -0.00678139 -0.0113217 -0.0142339 -0.0175495 -0.0216293 0.0213017 0.0173098 0.00179715 -0.0223627 0.0292191 0.0172826 0.0158332 0.0119369 -0.0230346 -0.0198213 -0.0210254 0.0217816 0.00938484 0.0250684 0.0214043 -0.0101523 0.0186792 -0.00682174 0.0064214 0.0135198 0.00359679 0.0273887 0.0273543 0.033289
internal_weight=365.168 279.227 247.955 225.043 203.639 168.174 85.9413 21.4048 35.4643 166.765 31.2714 22.912 68.4597 58.6557 164.935 129.167 126.293 24.6257 15.2318 9.58488 4.66195 2.50889 13.108 25.8795 13.3579 12.3057 10.0839 4.90618 17.4901 15.4796
internal_count=9229 6960 6222 5490 5087 4273 2269 403 814 4254 738 732 1850 1628 4227 3225 3192 605 394 175 91 56 355 639 318 290 257 119 299 255
is_linear=0
shrinkage=0.05


Tree=1
num_leaves=31
num_cat=0
split_feature=3 7 4 9 6 4 6 6 5 4 11 11 3 11 1 3 1 6 4 11 6 6 5 3 4 6 5 3 6 11
split_gain=44.5213 31.357 21.2029 15.4942 10.5923 14.6726 11.1164 9.59238 10.3645 9.22285 8.10138 9.02064 7.65572 9.59031 9.2834 7.56771 7.53001 7.48089 7.34548 7.19034 9.17815 8.28856 8.88881 7.10752 8.53191 9.57427 7.01911 6.51435 5.07197 8.88316
threshold=-1.4025122485134405 -0.69009277020007886 2.5947494342724142 0.92195814828606981 0.35916252329360182 -1.1325586245385002 2.4854866758727794 0.29864966225180839 -1.5384483578207289 3.0486833050073181 0.13557208423724007 1.0000000180025095e-35 -0.21277149754891136 -0.35625184210523991 1.1484638331016217 1.0322199032454791 -0.17254713194611826 -0.43252726640805289 -0.39143817748820114 -1.8925813221145134 3.1597492271465009 0.83460311379831631 1.964106462840213 1.8751978719261169 0.30080907754267733 0.50847983700932187 1.8238248784958218 -1.7533865932729433 0.97285842510300513 -0.66673116420973266
decision_type=2 2 2 2 2 2 2 2 2 2 2 2 2 2 2 2 2 2 2 2 2 2 2 2 2 2 2 2 2 2
left_child=9 4 3 7 5 -2 23 8 -3 19 11 18 13 14 17 -8 -4 -5 -9 -1 21 27 26 24 28 -26 -23 -21 29 -6
right_child=1 2 16 12 6 -7 15 10 -10 -11 -12 -13 -14 -15 -16 -17 -18 -19 -20 20 -22 22 -24 -25 25 -27 -28 -29 -30 -31
leaf_value=-0.027400542267956109 0.030866023468880628 0.034165015871200112 0.069476295597358392 0.057236536960348208 0.073425764847981398 -0.0063376944714994363 0.021977910447802649 0.050884497432638204 -0.02221362019612752 -0.034117335009099851 0.01455833344833378 -0.056992843648536212 0.02457662736150263 -0.022354678498910339 -0.035244639478379351 -0.055668086289869023 0.011949458246752946 -0.012452855256072029 -0.010832542275754538 0.052658780577482057 0.070735433842085846 0.017291113696443514 -0.023697887870449987 0.061712568297487426 0.06382757877431694 -0.0041356993046164489 0.090671302120573866 0.016975742247242354 0.074089357725595079 -0.010685577275361943
leaf_weight=5.148022022098302 35.372468415647745 8.3657496720552427 9.8730368763208407 12.926224514842037 5.6648256368935108 105.67667259927839 6.0632020197808725 5.077783051878213 318.90181191079319 5.801089569926261 37.736626625061035 10.232079986482857 35.488783238455653 33.357375601306558 5.9766876548528662 6.5047029554843903 13.421268403530119 5.4848955161869535 95.389392992481589 37.346057841554284 14.139488592743872 28.544880690053105 12.716945454478262 16.379756664857268 6.3680406808853141 27.822916137054563 3.6788473427295676 19.452814577147365 10.253455335274337 7.0402908492833394
leaf_count=25 192 72 21 49 24 1007 24 34 4530 21 315 105 214 343 31 34 39 42 1080 154 40 191 39 64 27 209 6 116 44 77
internal_value=-9.88327e-05 -0.00436587 -0.0104235 -0.0123378 0.011428 0.0029923 0.0252478 -0.0159907 -0.0207724 0.0274685 -0.00544816 -0.0122682 0.00630033 -0.00493184 0.0188989 -0.0182089 0.0363316 0.0364752 -0.00771326 0.0304205 0.0329892 0.0277434 0.0116993 0.0326756 0.0243532 0.00852241 0.0256686 0.0404378 0.0479292 0.0268171
internal_weight=946.206 819.378 592.232 568.937 227.146 141.049 86.0972 475.703 327.268 126.828 148.436 110.699 93.234 57.7452 24.3878 12.5679 23.2943 18.4111 100.467 121.027 115.879 101.74 44.9407 73.5293 57.1495 34.191 32.2237 56.7989 22.9586 12.7051
internal_count=9169 8577 6875 6815 1702 1199 503 6136 4602 592 1534 1219 679 465 122 58 60 91 1114 571 546 506 236 445 381 236 197 270 145 101
is_linear=0
shrinkage=0.05


Tree=2
num_leaves=31
num_cat=0
split_feature=0 2 5 6 5 7 9 0 9 2 8 7 7 9 7 0 2 0 7 10 11 0 8 0 6 9 9 2 10 0
split_gain=48.0463 34.6104 24.2176 19.8233 9.5624 9.55261 9.33291 11.2417 7.76221 9.34935 6.89849 8.98965 6.26123 6.43614 6.83079 6.05167 6.22631 6.45465 5.63733 5.4852 5.35343 5.12245 6.0208 5.09957 4.99925 4.74324 10.8789 12.0471 4.73096 4.71069
threshold=0.70859933994371105 1.3513653199109996 -1.3803297055617538 0.28831144775827283 1.5605382487889436 -1.0437581649365839 1.0422681234974107 0.20648192919764444 1.8801603155634521 -2.7674421040706725 0.95776142781452367 -0.63565274515977799 -0.65720049968439609 1.5226720664435993 0.92218520377625934 0.60748103581032886 0.82175423753960186 -0.88686869254861511 1.0250457039285881 -0.12103600883414428 -0.57083250833881916 -0.59333420468146836 -0.8139789572219297 -2.016497852872654 1.7145518932894475 0.90313499991665258 -0.81159220967708123 -2.3399358747987509 -0.22571550830463299 0.13879399614138607
decision_type=2 2 2 2 2 2 2 2 2 2 2 2 2 2 2 2 2 2 2 2 2 2 2 2 2 2 2 2 2 2
left_child=1 2 15 5 10 -4 19 -8 9 -2 11 -5 24 14 -14 16 17 -1 -16 -7 23 -19 -23 -3 -11 26 -20 -28 -25 -12
right_child=8 20 3 4 -6 6 7 -9 -10 12 29 -13 13 -15 18 -17 -18 21 25 -21 -22 22 -24 28 -26 -27 27 -29 -30 -31
leaf_value=-0.028535772125575228 0.048524368292832111 0.055926866834658057 0.00405136453341949 0.014262730374231258 0.028123961851286041 -0.031834413796930826 0.045989074488265558 -0.029910363844473122 0.044578968728768535 0.014583091629034895 0.03492127732570454 -0.018225588214927355 0.0020826419933155293 -0.035547042086209034 0.064606491493802432 -0.03533109197337117 -0.02406574438482335 0.080128375967071258 0.0686758430075224 -0.018811636115963221 0.031829880369680749 -0.021194370655342274 0.036703538016011485 -0.069463383176343263 0.05047707751940303 0.036410773611340153 0.07502941001487877 -0.05859691946596244 0.006482897761134177 -0.018938985246705932
leaf_weight=4.3225727081298819 20.237818218767643 2.5487052872776976 35.865571657195687 28.634499104693532 26.208326853811741 156.23095315508544 10.416974548250439 9.1760727614164335 28.104872640222311 22.676742687821388 15.866941822692754 83.044171454384923 82.755283612757921 8.2378650829195958 8.1332136206328851 4.6767969541251651 6.0221851617097846 5.610063560307025 3.7926425598561755 167.60222642123699 60.107075326144695 5.17557219415903 33.909211035817862 3.4822456110268822 16.952676862478256 15.784097716212271 2.1348334625363323 8.0353467278182542 4.9876295290887347 5.4554446898400775
leaf_count=25 90 14 363 232 151 2572 51 85 124 154 122 1075 688 72 39 40 32 19 17 2317 354 41 192 43 79 93 8 100 36 50
internal_value=-0.000390257 -0.00701681 -0.0109372 -0.0142873 0.000519646 -0.0205026 -0.0230669 0.0104429 0.0200641 0.0164137 -0.00491988 -0.00989556 0.0125571 0.00721235 0.0101323 0.0192729 0.0239127 0.0298072 0.027718 -0.0250944 0.0259567 0.0354497 0.0290367 -0.00608183 0.0299378 0.0176322 -0.00359586 -0.0305473 -0.0247411 0.0211408
internal_weight=886.189 669.343 598.218 538.501 159.209 379.292 343.426 19.593 216.845 188.741 133.001 111.679 168.503 128.873 120.635 59.7164 55.0396 49.0174 37.8801 323.833 71.1257 44.6948 39.0848 11.0186 39.6294 29.7469 13.9628 10.1702 8.46988 21.3224
internal_count=9278 7814 7367 7018 1630 5388 5025 136 1464 1340 1479 1307 1250 1017 945 349 309 277 257 4889 447 252 233 93 233 218 125 108 79 172
is_linear=0
shrinkage=0.05


Tree=3
num_leaves=31
num_cat=0
split_feature=3 2 4 5 9 11 7 11 11 0 2 10 5 2 1 0 9 11 5 1 0 11 7 4 1 11 8 4 4 1
split_gain=48.9308 27.4985 32.114 17.4433 10.0082 9.15182 9.01796 7.17419 6.48636 7.59163 6.45695 6.42829 5.99152 5.90534 5.82521 5.35748 4.99692 6.71819 7.69102 4.86924 4.70953 5.05408 4.63701 5.52793 4.99782 4.45088 4.40505 4.33189 4.34298 4.18085
threshold=-0.82470868588935209 1.7144226369561786 -1.1325586245385002 1.0478004762256277 0.9577414460194793 1.2810954697630119 -0.72054320328381538 -1.681397439947155 -0.36400349822769401 0.14531541605940843 -1.1284137327625119 -0.16121884278550894 -1.5384483578207289 0.88724348932768238 1.2826019836414628 0.0075568891572606279 1.4736084555209199 -0.61662679153867805 1.8238248784958218 -0.3943296121770774 0.98903314558653066 -1.1522157871628318 -0.068205473176636888 0.47326192560722846 -0.38518374297704666 -0.65618166862534466 0.56146168514026218 1.8361003647151271 -1.4246153207358594 -1.2642535515941196
decision_type=2 2 2 2 2 2 2 2 2 2 2 2 2 2 2 2 2 2 2 2 2 2 2 2 2 2 2 2 2 2
left_child=5 2 8 4 6 11 7 -4 -2 -10 -8 15 -12 16 -15 -1 17 20 22 -11 -13 -22 23 -19 -24 -17 -6 28 -26 -14
right_child=1 -3 3 -5 26 -7 10 -9 9 19 12 13 29 14 -16 25 -18 18 -20 -21 21 -23 24 -25 27 -27 -28 -29 -30 -31
leaf_value=0.043561325854962495 0.04066299552097484 0.027666978620001538 0.044153375988990606 0.0086906053733596788 -0.0036992797874215453 -0.03357358933952774 0.0090809582008628334 -0.009762478074794332 0.023702244661480375 0.038310973169066224 0.065007192030406988 -0.0038009758312056094 -0.0037372152443857277 0.067160797295722982 0.018503628565950555 0.026325900474467541 0.038266607742230091 -0.056669505102657718 0.042651488607655351 -0.022032329074448645 0.0054054704012179459 0.060547554855575496 -0.058444981527554396 0.014537691976048418 0.075016120918996176 -0.032249464766660491 0.036973420209319659 0.066550390845270244 0.0035803362269093628 -0.027470430072963372
leaf_weight=4.9651263803243664 23.872207298874855 53.961323900148273 6.7267083376646033 70.328717153519392 20.329373437911276 7.1175403501838437 14.17896091006696 74.540713232010603 38.984927527606487 4.0102002844214466 1.8211122080683697 5.4974047467112568 19.825295004993677 16.639964032918218 9.7585446126759035 4.5038030296564147 40.244499389082193 6.6848430670797807 13.808542568236588 20.094845652580261 5.4219342656433609 17.789482180029154 2.6565355770289889 4.6018113233149052 2.2548044621944419 11.585414890199896 9.8984664250165206 3.3809794262051573 37.722374053671956 289.8984492328018
leaf_count=35 119 287 45 592 199 96 156 937 291 25 6 57 291 52 44 38 187 64 58 206 37 66 24 34 13 129 67 11 300 4817
internal_value=9.03802e-05 -0.00650871 -0.0096107 -0.0144209 -0.0181385 0.0220769 -0.0202001 -0.00529973 0.0184637 0.0100639 -0.0239178 0.0241892 -0.0254196 0.0274816 0.0491741 -0.00184139 0.0233932 0.0173965 0.00915453 -0.0119934 0.0378115 0.047667 0.0010824 -0.0276368 0.00812675 -0.0158527 0.00961948 0.0122056 0.00760948 -0.0259513
internal_weight=843.105 648.471 594.51 507.548 437.219 194.634 406.991 81.2674 86.9622 63.09 325.724 187.516 311.545 166.462 26.3985 21.0543 140.063 99.8187 71.1099 24.105 28.7088 23.2114 57.3013 11.2867 46.0147 16.0892 30.2278 43.3582 39.9772 309.724
internal_count=9283 8038 7751 7110 6518 1245 6252 982 641 522 5270 1149 5114 947 96 202 851 664 504 231 160 103 446 98 348 167 266 324 313 5108
is_linear=0
shrinkage=0.05


Tree=4
num_leaves=31
num_cat=0
split_feature=3 4 6 10 5 7 10 6 3 11 9 0 0 8 6 7 11 2 6 0 10 7 8 8 3 2 7 3 8 7
split_gain=53.0716 26.0034 36.8458 12.2091 9.84985 10.7834 8.32158 8.10723 5.72815 5.59843 4.9019 4.8899 4.29204 4.17352 3.91906 4.45822 3.90956 8.01164 7.2015 3.58775 3.32706 3.71335 4.13231 8.17285 3.49295 4.36304 3.29459 3.15085 3.14304 5.93424
threshold=-1.0108837035638654 -1.4246153207358594 0.34784706489594669 -0.067376282642557697 2.770595262695811 -0.63565274515977799 -1.8582589708220196 -0.6306951724888703 1.9793995309709551 1.3207191792431454 -1.6081420984723249 -1.6158694916353065 -2.1345651220556348 -1.6772451213021837 -0.074679824242593687 0.68825113246615965 -0.22979344478227637 -0.084119352769554387 -1.0924282128620826 -1.550859875539053 -1.5024461855559157 -0.93379540359635771 -0.14026288342579615 -0.60496250153260844 -0.7467389533959069 1.0938224738155635 -0.93379540359635771 2.0638002531905553 1.1582386867662169 -1.9320519685794186
decision_type=2 2 2 2 2 2 2 2 2 2 2 2 2 2 2 2 2 2 2 2 2 2 2 2 2 2 2 2 2 2
left_child=9 13 3 6 5 20 12 -5 14 10 -1 -6 -3 -2 -9 -16 -15 -18 -19 -8 -4 22 23 -22 -24 -26 -21 -7 -27 -30
right_child=1 2 4 7 11 27 19 8 -10 -11 -12 -13 -14 16 15 -17 17 18 -20 26 21 -23 24 -25 25 28 -28 -29 29 -31
leaf_value=-0.038092224742288378 -0.046440538581571232 0.092268924065865648 0.058187216515573514 0.0046551919851939728 0.0026305814383965533 -0.0074568239458026849 -0.068788434252747901 -0.025575240075267833 0.057361938614965517 -0.037055513361761015 0.027656774200225887 0.059408926299410691 -0.0019105015589493892 0.040078378314318971 -0.0048761700689970563 -0.048266868930868956 -0.029251817065855813 -0.009799136868262252 0.05388580712558614 -0.01097038947757871 0.012301084275785199 0.032151658886805649 0.061956314087966528 -0.067914800739506634 -0.038010787973446036 0.036422972710314035 -0.031552686231446116 0.02720313361119759 0.041628553901091901 -0.058810475093245565
leaf_weight=2.8856329955160609 1.9649135172367085 1.9813957102596758 5.225406650453805 62.508054900914431 5.359216287732127 104.59443792514503 5.7956019770354024 79.744880003854632 2.5590349212288848 3.5399066340178242 161.01035534963012 12.967662975192068 3.1062689200043669 30.059558749198914 60.109542163088918 6.5665094852447501 7.7010502144694355 6.9178432077169445 12.38848179578781 22.483741965144873 9.6427453458309156 24.197262939065695 4.0556214377284041 4.7343950029462567 3.7031016834080281 11.901842312887313 143.74195888265967 6.9956554025411597 2.9611921384930611 2.9215515628457061
leaf_count=22 19 6 20 757 27 1337 103 1246 18 60 894 50 39 128 715 111 83 57 60 288 70 170 12 55 42 67 2717 52 13 30
internal_value=6.59578e-05 -0.00642803 -0.00960474 -0.0185685 0.00787632 0.0043383 -0.0282531 -0.0104581 -0.0167993 0.0251555 0.0264992 0.0428056 0.0347678 0.0252066 -0.0180954 -0.00914945 0.0276735 0.0138668 0.0310662 -0.030117 0.0198229 0.0166963 0.00732825 -0.014114 0.0193971 0.0113644 -0.0287687 -0.00528397 0.0216453 -0.00825256
internal_weight=814.325 646.889 587.857 388.597 199.26 180.933 177.109 211.488 148.98 167.436 163.896 18.3269 5.08766 59.0318 146.421 66.6761 57.0669 27.0074 19.3063 172.021 69.3431 64.1177 39.9204 14.3771 25.5433 21.4877 166.226 111.59 17.7846 5.88274
internal_count=9268 8292 7945 6000 1945 1868 3153 2847 2090 976 916 77 45 347 2072 826 328 200 117 3108 479 459 289 125 164 152 3005 1389 110 43
is_linear=0
shrinkage=0.05


end of trees

feature_importances:
wobble_5=17
turnover_20=17
mom_5=16
rsi_pct_14=15
vol_20=13
range_14=13
rev_3=12
rev_1=11
dd_20=11
volz_20=10
mom_20=9
close_z_60=6

parameters:
[boosting: gbdt]
[objective: lambdarank]
[metric: ndcg]
[tree_learner: serial]
[device_type: cpu]
[data_sample_strategy: bagging]
[data: ]
[valid: ]
[num_iterations: 250]
[learning_rate: 0.05]
[num_leaves: 31]
[num_threads: 18]
[seed: 42]
[deterministic: 0]
[force_col_wise: 0]
[force_row_wise: 0]
[histogram_pool_size: -1]
[max_depth: -1]
[min_data_in_leaf: 20]
[min_sum_hessian_in_leaf: 0.001]
[bagging_fraction: 0.9]
[pos_bagging_fraction: 1]
[neg_bagging_fraction: 1]
[bagging_freq: 1]
[bagging_seed: 400]
[bagging_by_query: 0]
[feature_fraction: 0.9]
[feature_fraction_bynode: 1]
[feature_fraction_seed: 30056]
[extra_trees: 0]
[extra_seed: 12879]
[early_stopping_round: 0]
[early_stopping_min_delta: 0]
[first_metric_only: 0]
[max_delta_step: 0]
[lambda_l1: 0]
[lambda_l2: 0]
[linear_lambda: 0]
[min_gain_to_split: 0]
[drop_rate: 0.1]
[max_drop: 50]
[skip_drop: 0.5]
[xgboost_dart_mode: 0]
[uniform_drop: 0]
[drop_seed: 17869]
[top_rate: 0.2]
[other_rate: 0.1]
[min_data_per_group: 100]
[max_cat_threshold: 32]
[cat_l2: 10]
[cat_smooth: 10]
[max_cat_to_onehot: 4]
[top_k: 20]
[monotone_constraints: ]
[monotone_constraints_method: basic]
[monotone_penalty: 0]
[feature_contri: ]
[forcedsplits_filename: ]
[refit_decay_rate: 0.9]
[cegb_tradeoff: 1]
[cegb_penalty_split: 0]
[cegb_penalty_feature_lazy: ]
[cegb_penalty_feature_coupled: ]
[path_smooth: 0]
[interaction_constraints: ]
[verbosity: -1]
[saved_feature_importance_type: 0]
[use_quantized_grad: 0]
[num_grad_quant_bins: 4]
[quant_train_renew_leaf: 0]
[stochastic_rounding: 1]
[linear_tree: 0]
[max_bin: 255]
[max_bin_by_feature: ]
[min_data_in_bin: 3]
[bin_construct_sample_cnt: 200000]
[data_random_seed: 175]
[is_enable_sparse: 1]
[enable_bundle: 1]
[use_missing: 1]
[zero_as_missing: 0]
[feature_pre_filter: 1]
[pre_partition: 0]
[two_round: 0]
[header: 0]
[label_column: ]
[weight_column: ]
[group_column: ]
[ignore_column: ]
[categorical_feature: ]
[forcedbins_filename: ]
[precise_float_parser: 0]
[parser_config_file: ]
[objective_seed: 16083]
[num_class: 1]
[is_unbalance: 0]
[scale_pos_weight: 1]
[sigmoid: 1]
[boost_from_average: 1]
[reg_sqrt: 0]
[alpha: 0.9]
[fair_c: 1]
[poisson_max_delta_step: 0.7]
[tweedie_variance_power: 1.5]
[lambdarank_truncation_level: 30]
[lambdarank_norm: 1]
[label_gain: ]
[lambdarank_position_bias_regularization: 0]
[eval_at: 1,2,3,4,5]
[multi_error_top_k: 1]
[auc_mu_weights: ]
[num_machines: 1]
[local_listen_port: 12400]
[time_out: 120]
[machine_list_filename: ]
[machines: ]
[gpu_platform_id: -1]
[gpu_device_id: -1]
[gpu_device_id_list: ]
[gpu_use_dp: 0]
[num_gpu: 1]

end of parameters

pandas_categorical:[]
